Math
10
10
10
-10066432
Math
10
10
10
-39322
Math
20
20
20
-6724096
Mathématiques
10
10
10
-39322
Francais
40
1040
1040
-16724941
Français
10
10
10
-16751053
Mathématiques
10
10
10
-10092442
Mathématiques
10
11
12
-6711040
Français
15
16
10
-16777012
Anglais
8
11
9
-39271
Francais
10
10
10
-39322
Francais
10
11
12
-6711040
Mathématiques
40
30
35
-10027264
Histoire
20
25
24
-10066432
MATH
10
10
10
-3407668
FR
100
100
100
-3355648
HIST
1000
1000
1000
-26215
MATH
10
10
10
-52429
FR
100
100
100
-26215
ANG
1000
1000
1000
-16737793
MATH
50
60
45
-3381760
ANG
5000
6000
4500
-65536
HIST
500
600
450
-10027162
ESP
354
795
754
-3355393
FR
10
10
10
-10079488
AN
100
100
100
-10079488
ANa
1000
1000
1000
-10079488
MATH
10
10
10
-52429
ANG
100
100
100
-52429
ESP
1000
1000
1000
-52429
FR
10
10
10
-65332
MATH
100
100
100
-10092442
ESP
1000
1000
1000
-10092442
